
C:\hyuan\project\Jason\usaco1812\Problem2>FOR /L %A IN (1 1 10) DO (
echo test %A  
 type data\%A.in  
 Problem1  0<data\%A.in 1>data\%A.out.jason  
 fc data\%A.out data\%A.out.jason 
) 

C:\hyuan\project\Jason\usaco1812\Problem2>(
echo test 1  
 type data\1.in  
 Problem1  0<data\1.in 1>data\1.out.jason  
 fc data\1.out data\1.out.jason 
) 
test 1
3
4 10 1
8 13 3
2 6 2
Comparing files DATA\1.out and DATA\1.OUT.JASON
***** DATA\1.out
4
***** DATA\1.OUT.JASON
19
*****


C:\hyuan\project\Jason\usaco1812\Problem2>(
echo test 2  
 type data\2.in  
 Problem1  0<data\2.in 1>data\2.out.jason  
 fc data\2.out data\2.out.jason 
) 
test 2
20
116 194 6
22 163 8
127 141 7
59 70 8
138 199 5
171 197 2
106 126 5
128 137 6
47 130 4
58 125 6
44 151 8
9 77 9
52 155 10
27 187 5
140 196 1
35 179 8
2 98 3
20 25 9
72 133 10
156 180 9
Comparing files DATA\2.out and DATA\2.OUT.JASON
***** DATA\2.out
72
***** DATA\2.OUT.JASON
577
*****


C:\hyuan\project\Jason\usaco1812\Problem2>(
echo test 3  
 type data\3.in  
 Problem1  0<data\3.in 1>data\3.out.jason  
 fc data\3.out data\3.out.jason 
) 
test 3
30
51 194 1
215 288 7
244 292 8
233 252 8
29 276 8
5 44 4
229 289 10
84 291 10
255 287 10
98 208 6
11 106 2
6 121 7
1 37 3
69 72 4
134 195 1
64 200 2
267 285 1
46 157 10
149 173 10
10 237 1
140 212 1
23 270 7
14 62 5
127 160 5
201 247 9
187 226 3
58 130 7
61 105 9
48 139 10
28 205 10
Comparing files DATA\3.out and DATA\3.OUT.JASON
***** DATA\3.out
90
***** DATA\3.OUT.JASON
641
*****


C:\hyuan\project\Jason\usaco1812\Problem2>(
echo test 4  
 type data\4.in  
 Problem1  0<data\4.in 1>data\4.out.jason  
 fc data\4.out data\4.out.jason 
) 
test 4
40
50 165 6
30 144 6
168 389 3
196 344 5
141 342 10
227 233 2
43 361 8
24 362 2
310 391 6
197 368 8
235 291 7
117 153 9
58 228 3
190 275 6
42 221 4
188 289 9
167 171 5
6 260 8
119 146 4
38 290 4
82 294 9
271 300 8
240 370 4
223 395 4
192 258 6
292 348 2
32 222 8
99 126 2
205 339 1
178 286 7
8 160 8
128 351 7
92 176 6
15 390 9
180 378 3
111 333 5
218 347 6
164 256 1
172 262 4
51 269 4
Comparing files DATA\4.out and DATA\4.OUT.JASON
***** DATA\4.out
140
***** DATA\4.OUT.JASON
767
*****


C:\hyuan\project\Jason\usaco1812\Problem2>(
echo test 5  
 type data\5.in  
 Problem1  0<data\5.in 1>data\5.out.jason  
 fc data\5.out data\5.out.jason 
) 
test 5
50
140 450 1
212 343 3
197 380 2
271 485 3
48 425 3
160 263 3
224 325 3
123 155 6
322 458 6
408 460 9
85 309 5
199 492 7
172 190 10
7 11 7
1 379 10
54 82 5
339 490 7
68 148 4
255 351 2
314 358 5
221 434 3
182 488 6
297 326 5
223 393 2
58 209 6
87 286 1
137 361 9
144 338 9
83 122 1
98 328 7
150 411 9
111 394 8
391 477 10
53 432 8
67 453 8
142 236 9
277 306 7
429 455 9
275 446 1
91 342 1
84 352 3
168 365 10
315 466 5
327 387 4
40 470 6
132 174 5
156 294 9
157 461 4
20 134 4
305 457 2
Comparing files DATA\5.out and DATA\5.OUT.JASON
***** DATA\5.out
151
***** DATA\5.OUT.JASON
806
*****


C:\hyuan\project\Jason\usaco1812\Problem2>(
echo test 6  
 type data\6.in  
 Problem1  0<data\6.in 1>data\6.out.jason  
 fc data\6.out data\6.out.jason 
) 
test 6
60
263 526 4
142 354 7
75 181 4
86 349 6
231 430 10
42 103 1
281 327 4
21 306 1
187 570 3
31 234 4
188 280 5
131 287 6
82 412 5
334 588 3
88 174 4
445 525 10
460 464 9
454 470 1
163 290 1
6 561 5
529 579 8
27 549 5
237 307 8
93 218 5
367 595 5
324 438 4
132 418 10
170 360 2
13 451 7
195 569 6
435 559 6
73 247 10
62 426 3
17 540 5
68 95 4
251 493 3
541 585 2
210 297 1
105 474 7
150 352 1
140 305 6
8 285 2
162 520 2
295 420 4
182 524 9
64 499 6
411 506 10
149 548 3
154 598 3
204 236 2
155 462 7
161 382 5
186 298 1
235 317 5
387 531 7
101 463 7
319 566 5
433 535 8
197 216 5
151 494 4
Comparing files DATA\6.out and DATA\6.OUT.JASON
***** DATA\6.out
174
***** DATA\6.OUT.JASON
942
*****


C:\hyuan\project\Jason\usaco1812\Problem2>(
echo test 7  
 type data\7.in  
 Problem1  0<data\7.in 1>data\7.out.jason  
 fc data\7.out data\7.out.jason 
) 
test 7
70
194 614 5
483 545 6
365 470 7
308 473 2
388 458 7
668 698 1
268 675 6
134 491 8
224 591 3
248 430 10
269 644 6
40 367 6
37 454 1
505 688 4
371 628 9
121 264 2
261 684 7
193 212 6
154 664 9
263 469 6
345 443 1
413 610 6
148 255 7
335 560 2
243 274 2
91 381 2
24 204 1
359 437 1
74 638 6
33 287 5
434 659 7
28 511 9
142 547 5
68 691 7
139 429 10
419 571 6
244 501 1
22 486 9
35 448 6
384 462 5
143 331 2
564 621 1
135 386 9
285 623 8
126 658 6
403 493 9
641 650 2
313 557 10
29 183 8
89 177 8
295 306 5
383 583 4
118 585 4
500 525 5
211 361 1
3 656 8
417 490 2
7 276 2
12 75 9
198 617 1
187 487 9
238 347 10
235 241 8
31 52 6
36 532 2
301 389 2
515 670 9
203 229 10
400 529 10
282 527 1
Comparing files DATA\7.out and DATA\7.OUT.JASON
***** DATA\7.out
234
***** DATA\7.OUT.JASON
*****


C:\hyuan\project\Jason\usaco1812\Problem2>(
echo test 8  
 type data\8.in  
 Problem1  0<data\8.in 1>data\8.out.jason  
 fc data\8.out data\8.out.jason 
) 
test 8
80
665 780 9
370 712 8
106 258 7
166 796 1
466 633 10
361 764 3
597 634 9
431 555 10
208 660 8
30 336 3
63 514 9
111 500 2
483 505 7
195 567 7
190 457 8
396 627 5
404 661 1
283 556 4
49 496 1
52 292 9
36 248 9
76 82 7
243 635 10
259 711 9
247 298 6
95 725 7
51 126 6
54 720 2
130 747 7
171 395 6
459 653 9
22 148 8
330 508 9
287 486 7
547 724 5
182 357 8
589 729 3
552 784 9
460 624 6
315 462 3
479 738 7
94 643 1
119 800 6
256 380 4
127 785 3
233 308 7
284 659 3
14 618 5
242 607 5
132 153 3
710 746 6
590 775 5
657 789 2
303 580 9
443 651 3
285 560 9
48 255 3
652 687 2
254 676 4
216 620 6
70 278 10
251 449 5
595 619 3
68 640 10
99 704 8
241 472 5
228 279 3
400 605 4
77 631 5
240 452 3
15 415 3
458 761 6
169 417 7
376 778 1
663 787 1
718 767 9
160 467 4
31 96 3
18 117 7
214 493 5
Comparing files DATA\8.out and DATA\8.OUT.JASON
***** DATA\8.out
242
***** DATA\8.OUT.JASON
*****


C:\hyuan\project\Jason\usaco1812\Problem2>(
echo test 9  
 type data\9.in  
 Problem1  0<data\9.in 1>data\9.out.jason  
 fc data\9.out data\9.out.jason 
) 
test 9
90
124 607 1
295 804 7
50 194 9
3 545 8
205 462 7
540 597 10
146 212 7
181 803 3
233 853 8
204 847 2
341 758 5
49 511 2
55 578 2
264 775 5
465 543 6
376 547 1
61 595 1
89 397 10
126 555 9
152 161 8
183 625 10
160 503 4
687 807 8
110 447 1
71 459 6
365 584 10
765 787 3
33 228 1
5 34 2
1 608 8
274 678 8
103 661 8
732 745 7
62 712 3
199 769 8
381 788 7
59 761 2
585 874 6
262 369 3
372 618 9
239 377 8
599 893 3
48 353 5
45 729 9
135 138 5
508 766 7
256 648 7
139 851 6
393 806 2
96 489 10
303 866 2
209 323 9
162 396 1
669 841 8
342 776 2
445 759 3
234 717 1
441 781 5
481 839 2
355 818 10
184 363 9
288 596 7
751 755 7
330 757 9
130 297 9
356 830 9
90 219 8
308 574 7
305 320 7
47 56 10
629 898 6
398 831 3
73 530 2
504 619 2
192 645 10
385 560 2
736 738 3
167 221 2
275 412 6
390 394 8
606 690 3
251 564 5
68 168 2
691 770 8
197 819 8
382 440 10
292 565 1
123 756 9
316 482 4
362 805 6
Comparing files DATA\9.out and DATA\9.OUT.JASON
***** DATA\9.out
308
***** DATA\9.OUT.JASON
*****


C:\hyuan\project\Jason\usaco1812\Problem2>(
echo test 10  
 type data\10.in  
 Problem1  0<data\10.in 1>data\10.out.jason  
 fc data\10.out data\10.out.jason 
) 
test 10
100
178 430 1
56 1000 8
297 767 9
82 959 10
248 917 8
617 967 10
197 752 8
54 831 3
427 902 4
397 425 3
641 848 3
19 901 3
544 826 5
502 879 9
63 652 3
367 744 7
838 951 9
230 970 9
256 350 9
164 737 5
710 855 5
440 690 1
190 494 5
118 654 2
348 909 3
17 770 10
185 711 10
104 513 9
663 753 5
62 272 9
67 781 10
401 936 9
47 387 1
215 852 5
191 255 1
187 673 3
189 500 1
372 664 1
148 458 3
22 504 7
754 939 7
653 804 8
13 593 4
763 965 9
133 464 9
166 308 3
59 329 8
28 434 6
24 260 1
486 996 3
33 832 3
320 444 5
668 961 2
39 398 6
414 421 7
123 680 1
691 948 4
244 410 7
396 724 9
869 950 4
180 957 7
615 802 6
12 999 2
128 307 9
219 470 7
306 925 3
138 726 5
353 758 2
83 526 9
450 533 7
467 498 5
155 400 2
76 988 4
66 71 2
206 469 7
761 993 4
330 459 1
281 354 2
335 429 10
221 846 2
4 604 9
541 794 8
182 426 2
64 333 8
245 316 10
676 876 7
455 772 6
43 305 4
587 954 5
18 975 3
476 823 3
51 919 10
812 976 6
318 487 8
236 242 4
73 150 3
451 481 1
342 778 9
137 386 5
362 862 10
Comparing files DATA\10.out and DATA\10.OUT.JASON
***** DATA\10.out
309
***** DATA\10.OUT.JASON
*****

